218
395
482
820
177
639
200
830
267
769
594
83
695
551
1000
582
40
131
196
322
41
334
115
620
362
574
633
970
953
955
654
973
931
236
43
21
381
888
340
74
173
512
444
44
262
974
731
615
208
990
114
39
722
292
687
413
129
819
46
812
158
221
832
371
701
550
614
670
678
569
901
532
985
465
521
162
336
759
432
872
195
702
44
604
236
775
910
369
600
251
588
411
714
210
26
538
317
455
985
611
843
491
271
233
864
576
765
16
460
708
257
372
565
60
913
303
849
1000
170
413
12
208
626
450
112
838
811
663
60
850
851
525
909
650
253
324
656
755
428
56
327
684
809
921
196
325
133
830
705
441
686
661
288
207
648
976
940
668
882
924
893
186
74
829
983
305
247
222
28
323
552
47
521
801
473
405
627
420
44
136
555
408
413
227
144
415
707
877
447
913
78
89
822
479
967
383
22
265
130
966
46
261
683
147
258
387
314
901
634
895
459
812
575
200
893
242
278
73
639
43
476
925
391
238
712
563
846
769
343
884
796
861
790
379
666
658
736
437
363
40
685
38
383
637
46
713
437
182
152
291
215
990
781
143
877
100
762
939
615
423
389
171
688
394
941
954
287
432
536
74
767
238
260
106
602
143
129
512
366
385
331
612
953
753
699
865
438
472
972
958
671
817
485
325
37
955
631
427
487
466
811
500
89
801
294
273
145
891
805
227
273
617
554
942
611
225
251
580
10
558
667
226
161
526
634
791
207
811
971
780
565
337
345
683
409
726
760
928
673
423
275
857
21
884
421
539
50
116
483
761
939
415
73
354
281
49
124
226
752
492
71
424
921
736
511
890
341
175
901
150
930
410
529
949
314
228
365
1
216
255
978
160
17
443
440
326
989
438
895
640
423
131
963
95
824
843
369
401
575
971
701
766
47
420
395
750
794
746
436
523
998
354
290
903
166
99
57
22
948
643
287
850
461
971
526
863
496
275
413
366
168
613
136
150
176
847
333
815
713
15
254
919
568
770
504
806
273
686
247
865
633
921
987
32
647
811
99
439
357
29
919
36
99
218
659
113
783
68
870
814
412
842
295
330
91
185
659
329
786
288
727
404
878
390
565
554
505
273
299
289
481
194
349
208
322
278
816
484
643
558
