218
395
482
820
177
639
200
830
267
769
594
83
695
551
1000
582
40
131
196
322
41
334
115
620
362
574
633
970
953
955
654
973
931
236
43
21
381
888
340
74
173
512
444
44
262
974
731
615
208
990
114
39
722
292
687
413
129
819
46
812
158
221
832
371
701
550
614
670
678
569
901
532
985
465
521
162
336
759
432
872
195
702
44
604
236
775
910
369
600
251
588
411
714
210
26
538
317
455
985
611
843
491
271
233
864
576
765
16
460
708
257
372
565
60
913
303
849
1000
170
413
12
208
626
450
112
838
811
663
60
850
851
525
909
650
253
324
656
755
428
56
327
684
809
921
196
325
133
830
705
441
686
661
288
207
648
976
940
668
882
924
893
186
74
829
983
305
247
222
28
323
552
47
521
801
473
405
627
420
44
136
555
408
413
227
144
415
707
877
447
913
78
89
822
479
967
383
22
265
130
966
46
261
683
147
258
387
314
901
634
895
459
812
575
200
893
242
278
73
639
43
476
925
391
238
712
563
846
769
343
884
796
861
790
379
666
658
736
437
363
40
685
38
383
637
46
713
437
182
152
291
215
990
781
143
877
100
762
939
615
423
389
171
688
394
941
954
287
432
536
74
767
238
260
106
602
143
129
512
366
385
331
612
953
753
699
865
438
472
972
958
671
817
485
325
37
955
631
427
487
466
811
500
89
801
294
273
145
891
805
227
273
617
554
942
611
225
251
580
10
558
667
226
161
526
634
791
207
811
971
780
565
337
345
683
409
726
760
928
673
423
275
857
21
884
421
539
50
116
483
761
939
415
73
354
281
49
124
226
752
492
71
424
921
736
511
890
341
175
901
150
930
410
529
949
314
228
365
1
216
255
978
160
17
443
440
326
989
438
895
640
423
131
963
95
824
843
369
401
575
971
701
766
47
420
395
750
794
746
436
523
998
354
290
903
166
99
57
22
948
643
287
850
461
971
526
863
496
275
413
366
168
613
136
150
176
847
333
815
713
15
254
919
568
770
504
806
273
686
247
865
633
921
987
32
647
811
99
439
357
29
919
36
99
218
659
113
783
68
870
814
412
842
295
330
91
185
659
329
786
288
727
404
878
390
565
554
505
273
299
289
481
194
349
208
322
278
816
484
643
558
5079
7173
2933
9810
2923
8217
275
7887
8485
5446
1232
2628
7919
5695
4284
5126
8695
3276
9666
8561
5074
1409
6961
9404
8418
7242
774
8357
1654
9754
2278
2016
4392
1476
92
2368
1594
2944
6264
5103
946
3357
2558
3015
9197
7977
5894
923
4999
475
4719
7752
7881
1286
733
4843
9482
3755
7775
5921
3991
9982
2189
1894
4582
2559
5804
6028
7995
1426
1600
4892
9242
144
1332
2242
1398
5053
1078
8473
5146
2031
1980
3456
3522
233
141
4415
1679
5058
6301
9929
8902
3223
7851
3743
3521
4042
597
9499
307
1344
4958
7615
9272
8219
413
8511
343
691
1548
8404
3884
9747
5700
7754
2050
3814
2990
8283
1664
8607
6834
5384
7986
997
3390
6340
666
710
3895
3980
1662
2879
3355
5210
5006
1835
5420
5437
6832
5014
6022
3664
410
1937
6296
9715
659
7048
5093
5072
443
5210
7808
8024
3691
2970
2325
8208
8969
3131
3993
4669
6133
6096
2947
5298
3389
3398
4001
3844
4631
7727
2518
6063
6743
3180
3538
7566
4999
9785
9191
2577
6499
8060
5010
5645
6909
183
5474
2533
1157
6866
8435
5363
5591
5442
5122
8458
7738
9414
2440
2304
3315
2075
9609
9122
4194
206
2584
4235
6641
6856
9331
8587
1975
503
4645
9739
7122
6428
695
2187
793
5889
3827
3627
7297
1962
2165
5127
213
7806
2712
4775
6498
4953
2260
9610
177
3360
3544
1122
8445
8152
3077
9769
8813
5049
4795
8868
6296
306
5949
1128
451
9316
1525
3232
5731
1294
516
1312
9998
6234
59
8581
8155
6686
4501
9541
7237
4046
6858
1903
603
2679
2616
3607
3781
4499
4617
6549
6354
9126
6795
8729
8674
3134
4967
6385
8646
1600
5989
7694
7812
7586
1538
1764
4142
3134
8496
8166
6340
8808
2128
6557
5393
7061
9577
6615
7860
3476
2606
8404
460
9689
5512
7820
4112
4839
1943
6192
816
2437
5889
3349
3160
4190
3292
8212
2643
8617
4432
4213
3290
9467
6732
5184
137
4323
4996
3902
7581
2202
5479
1632
1395
9775
1732
6397
1234
3759
1066
979
1582
7303
9983
1273
6982
1140
5456
9062
1095
3881
6570
7136
611
1256
9990
6166
104
7157
8387
3008
8836
6054
4378
4402
6403
63
6582
2989
3085
7876
8774
1919
9155
4342
8920
1669
4838
3315
6951
8046
9600
9904
4462
7304
335
522
8299
8109
3316
1508
2044
4300
1601
5120
575
3663
9067
772
1821
1524
2975
8180
5625
5210
2848
1667
199
9306
2847
2115
8768
1939
941
9836
1193
5100
3626
8703
8376
7356
6690
6261
9801
5121
7422
668
592
1324
8941
1605
8464
5597
8058
4006
5403
1561
268
3873
5062
8154
6704
2800
7157
8455
1081
8063
694
9240
8396
4329
6326
533
1375
8004
6809
1431
9644
2131
5213
3169
5986
1110
973
8436
6976
6080
88
6161
499
1513
2901
8295
4190
7604
8751
2034
4502
8212
9517
198
167
1920
5989
6577

